
  -12    1   -6  -14    4    1   14   11  -11   -8   -5   13   -8   -6   15  -12     -5
   -6   -8   13  -14    8    7  -13   -8  -11    3    6   -5    8    5   -4  -15    -30
   -5   -8    8  -11    5    7  -16   -9    4    8   -2   -3  -13   -1   -2    5     78
   15    5    7  -11    3   -1  -14   15   -6  -14   15  -12   12   -8   15   11     56
  -11   14  -15   15   -7   -1   -8  -11   -5   -7    9  -15   14   -1    1  -16     15
  -12    4   -8    5   -2  -16    5    2  -12   15    2   -8    7    4    9   -9    -37
    2  -12   -4  -16   15  -12   -7    6  -16    5   13  -15  -16   -8   -2    7    -55
   11    8   11   13   13    8   -2  -11    7    1    6  -14  -11   -8   14   -5     50
   14   -9    9   -2  -16    8  -11   -2    9    1  -13  -13   11  -16   -5   -7     60
    5   10    2  -11   -8  -16    3  -11   -3    5   -6  -13   -5    4   -6  -10     34
    9   -9   10  -16    7   11   -6   15   -4   -3   -5   11   -6   -2  -13    6     70
   -7   -1   12   15   11    5   -6   -7    1    9  -14    1  -12   14   -8  -12      4
  -12    1  -13   -8   10   -3   -6    8    6   -6   -7   10  -16    3   13  -12     50
   -6    7   14   10  -11  -10   -3    8  -16   12    9  -13   -4   12    8    2    -17
    1   -3    1    2   -3    1    7   -7   -8   -2    8    2   -1   -9    1  -12     79
   -1    4   14  -14    9    3    2   -5   -2    8  -15   15   -6    9  -10   -7    -46