0111100110101
00000101100011110001110
0
111010010
01001000111010101110101
10010100000110
0000100001100011101
001001110101
111111110110101100101
100
1010101011110001010000010111
1001101101011111001101001
1000000011100
010
01001100100011100100110000101
1

1000001000001000001100111101
01111011100100
00000011010100
1100010110111110110110
00000010100000011
10
01
00011100
0011100100101111011001000
01000100000010111000100100
110111110010010110

10001000001111
01
11011101011011011111
0111100110
000110010

111101011000010010000000000
0010101111000100010
1011011000000100111
1011101111101011010
1001111001111100111000011111
1111
1
00011000110000010001
100011110111000011101101110
0101000101001011001
10101000101111110110010110000
11111011001
011101011011001

100011000100100011


0101001000100
01001101000011111101
1111110010000010010111000011

1110010111110011010001110111
10111010001100101101
0110011100101001101
0100000101
00001
00101011011001011
011110010001100101111100111
001010000010110010
11010
10101111010
1000001101101001101110
010010011111110000101
0011100100000101000111
0110111101011110111100011
1010111010001000
1101010111100110110
10
10010011
0110111
011000
101
11000010100001100101
10010110011110111000010
01011110111100001110110110111
000011101
110110111111
10101010011110010111
001010111101000001010
0

001110
011110011101111100101101110
000011010001101110
10110101010110100001
0100111111001000

0111000
01
11101110000110010011
010011110101001
111011111
10111101
100000000
1010110001001010100001
01101111010100110
111101011010111100
11100000110101
100110000110010
00000
101000101000010010
00001
0
11110100101
0010000010101
00001110011000110
111101111110010101011
1011100
1
001011010110101110
11
10001110101000101101011100101
011010110011110001
0001111011111000001110001101
0
101001100111000000011
101000000111010110
0010010011010001011110
0011001001111110
100100001110011000
01111000110000000001
0000010011110000000110010000
100110101000
10110110000000001111100

110111010111
0110
11010101100101000110011101
000011001000110011001111110

00100101000010101
1011001110011
11010000
0001100010110100000
10100111110000
10101
1001001
0100100011111111001101
011
010
1001111101010000
110101
000011001110001011001
00110101001100000111
1100110110110011001010010
1100001000001100001111110
101010100001000001100111
00110111
100000000100
0111100010100
0
00011011101001111
001010000010101110001101
100011000

001010100
01000110
01101011

1
1
0011111111111001101010000101
1111000011100111110000100101
00111001100
111000
10010100
000001
110000011100000100
01101101000
100100011111
1111101010000101000
0000000111
110000011
11000100001011011101

000000110010110110000
000110000000110000110000100
00000000100
101011001111100
00001111111011100001111
01001011
1110010100100100
101101001100010100010101
010010
11000000110100101101000101101
10000001000
101000100000100
0110110010100110100110010011
11100
0110001000101010110011100
1111110

000110011000110101101011100
0001110010111010110
110010100111000110
000110000
0011010010100000011001011011
1101010010111111
11101000
1000000010110001111111000
00101000000001111111100
111001100001001001101010
010010011011111
1011011101000
0010011000
1110001110111010100100100011
0111
1010110001011111111
01
100101110100010011010001
00101110110001011011010111110
000101
1110
1001101
111101110111110111000100
011011101110000101010
01111
11011100010101100010111100
010001010110011110
001
0010010011001000000
0101000011010
10010001011001000
10011000
01011010011110000000011111

1011110011101010000
01100111010110011011101000110
0001100010001101011001011
000000101010000000001
0100010100000001011110
00000111101100100100
0010010110110101110100011011
010000010000
011
0011111100101100101010
11101011
10111000100010110011
101010001101011111
11011101111001110011101110
0110100010001111
1101100001111111010000100

11100010110110111000100100100
1100010111011
10010111101
0011100110011111101001100
01110111000111100111001111100
101011001001110110010
1100
